4977292622196
4977292345828
4977292897617
4977292385886
4977292969482
4977292350259
4977292459112
4977292604215
4977292153188
4977292672252
4977292132015
4977292102483
4977292306874
4977292614160
4977292624787
4977292186636
4977292147538
4977292389365
4977292442220
4977292444323
4977292490146
4977292376822
4977292319454
4977292113137
4977292667005
4977292204033
4977292404945
4977292262637
4977292623810
4977292451864
4977292890144
4977292442190
4977292488211
4977292676496
4977292657693
4977292661553
4977292384230
4977292645355
4977292113472
4977292336413
4977292664134
4977292603836
4977292672894
4977292162111
4977292293327
4977292684408
4977292436779
4977292648035
4977292147606
4977292350228
4977292445382
4977292649445
4977292972239
4977292972604
4977292165709
5907553504205
4977292623797
4977292243636
4977292600439
4977292244572
4977292419482
4977292676342
4977292222242
4977292655965
4977292345118
4977292315012
4977292648066
4977292969567
4977292457965
4977292669337
4977292212533
4977292972130
4977292343923
4977292419277
4977292657976
4977292304061
4977292658317
4977292353830
4977292352147
4977292650595
4977292976909
4977292336475
4977292424707
4977292384186
4977292305150
4977292396981
4977292336390
4977292456999
4977292387910
4977292386807
4977292399531
4977292652216
4977292645577
4977292368155
4977292388405
4977292445627
4977292428897
4977292407083
4977292348430
4977292642712
4977292123235
4977292450003
4977292977029
4977292113687
4977292352000
4977292361613
4977292489164
4977292656955
4977292620642
4977292350211
4977292657310
4977292974219
4977292438513
4977292142656
4977292144568
4977292435956
4977292610018
4977292147415
4977292971287
4977292684583
4977292459297
4977292453998
4977292665889
4977292318440
4977292646666
4977292328401
4977292438698
4977292168847
4977292442091
4977292422710