4977292373388
4977292436397
4977292657662
4977292692120
4977292489430
4977292639712
4977292119894
4977292684866
4977292920247
4977292653916
4977292489751
4977292901352
4977292437110
4977292318358
4977292278232
4977292388078
4977292216609
4977292282093
4977292331609
4977292436465
4977292442619
4977292307802
4977292459020
4977292423588
4977292119078
4977292360029
4977292901963
4977292299091
4977292121699
4977292346252
4977292306867
4977292309950
4977292324243
4977292681278
4977292124089
4977292489454
4977292645492
4977292900904
4977292156103
4977292442336
4977292419413
4977292314855
4977292901321
4977292305884
4977292343794
4977292276399
4977292659789
4977292376877
4977292178006
4977292428224
4977292296632
4977292614139
4977292343732
4977292643429
4977292628310
4977292457224
4977292313902
4977292652513
4977292443128
4977292494618
4977292630597
4977292303866
4977292396929
4977292385022
4977292307352
4977292344654
4977292689687
4977292219228
4977292442039
4977292971300
